TEAM(1-0-1-3-1-u-0-_-a-1-3-1)SHADOW  NightRage
1|0|2|6|0|u|0|_|a|2|6|0  Shakur



1|0|3|0|4|u|0|_|a|3|0|4 jan 5 -2

1|0|3|0|0|u|0|_|a|3|0|0 7
1|0|2|0|6|u|0|_|a|2|0|6 7
1|0|2|3|4|u|0|_|a|2|3|4 7
1|0|1|6|5|u|0|_|a|1|6|5 (jan 7 -1)
1|0|3|6|4|u|0|_|a|3|6|4  comr friend

1|0|2|6|4|u|0|_|a|2|6|4  Jackson 

1|0|2|7|4|u|0|_|a|2|7|4 (jan 7)-2
1|0|3|0|2|u|0|_|a|3|0|2 victor 5



1|0|2|2|6|u|0|_|a|2|2|6 dec 28 (7days)-1


1|0|2|1|4|u|0|_|a|2|1|4 jan 8 -2
1|0|4|2|2|u|0|_|a|4|2|2 (jan 2)-1

1|0|2|6|6|u|0|_|a|2|6|6 (3 jan)-9
1|0|2|5|6|u|0|_|a|2|5|6 (jan 5 -1)
1|0|3|8|2|u|0|_|a|3|8|2 (jan 11) 5
1|0|2|8|8|u|0|_|a|2|8|8 (jan 15) 5
1|0|3|7|7|u|0|_|a|3|7|7 (jan 16) 6
1|0|4|3|6|u|0|_|a|4|3|6 (jan 22) 7

